Time: 362.963491917
Time: 334.474318981
Time: 339.637432098
Time: 604.3731668
